367  147
366  147
366  148
365  148
365  147
364  147
364  147
363  147
363  147
362  147
362  147
361  147
360  147
359  147
359  147
358  147
357  147
356  147
355  147
354  146
353  147
353  147
353  147
352  147
352  147
351  147
351  147
350  148
350  149
350  149
350  149
350  149
350  150
350  151
349  151
349  151
349  152
349  152
349  153
349  154
349  155
349  155
348  156
348  156
348  157
348  157
347  158
347  158
346  158
347  159
347  159
346  160
346  160
346  160
346  161
345  162
345  163
345  163
344  163
344  163
344  163
343  164
343  164
343  165
343  166
342  167
342  167
342  167
341  168
341  168
341  169
340  169
340  169
340  169
339  169
338  169
338  169
338  169
337  169
336  168
336  168
336  167
335  166
335  166
334  165
334  165
333  164
333  162
332  161
332  160
331  160
330  159
330  158
329  157
329  156
328  155
327  154
327  153
326  152
326  151
325  150
325  149